{
  "rock_colors": [
    {
      "a": 0.0,
      "b": 0.07974041253328323,
      "g": 0.9023255705833435,
      "position": 0.0,
      "r": 0.7837203145027161
    },
    {
      "a": 0.0,
      "b": 0.19567331671714783,
      "g": 0.6495134234428406,
      "position": 0.39039039611816406,
      "r": 0.934883713722229
    },
    {
      "a": 0.0,
      "b": 0.05455920472741127,
      "g": 0.4330967664718628,
      "position": 1.0,
      "r": 0.9023255705833435
    }
  ]
}
